participant_id	age	sex	handedness
sub-01	n/a	n/a	n/a
